function [A,b] = build_matrix(start,goal,T)

   b = [start goal]';

   A = [1 0 0     0     0       0       0       0       0        0; 
        0 1 0     0     0       0       0       0       0        0;
        0 0 2     0     0       0       0       0       0        0;
        0 0 0     6     0       0       0       0       0        0;
        0 0 0     0     24      0       0       0       0        0;
        1 T T^2   T^3   T^4     T^5     T^6     T^7     T^8      T^9; 
        0 1 2*T   3*T^2 4*T^3   5*T^4   6*T^5   7*T^6   8*T^7    9*T^8;  
        0 0 2     6*T   12*T^2  20*T^3  30*T^4  42*T^5  56*T^6   72*T^7;
        0 0 0     6     24*T    60*T^2  120*T^3 210*T^4 336*T^5  504*T^6;
        0 0 0     0     24      120*T   360*T^2 840*T^3 1680*T^4 3024*T^5];

end